f1: 0.6544723618090452
mae: 0.21525760216928144
precision: 0.7697399527186761
recall: 0.5692307692307692
