f1: 0.6419641759232692
precision: 0.7755000990295108
recall: 0.5476606755717183
