f1: 0.6758292101887483
mae: 0.15411542875881293
precision: 0.7100500577589527
recall: 0.6447552447552447
