f1: 0.8479830896600318
precision: 0.8544550940717075
recall: 0.8416083916083916
