f1: 0.8485602559544969
precision: 0.8629790310918294
recall: 0.8346153846153846
