f1: 0.6693832191146508
mae: 0.18797884647165755
precision: 0.7116975187081528
recall: 0.6318181818181818
