f1: 0.7146084337349398
mae: 0.11005655526992288
precision: 0.7740619902120718
recall: 0.6636363636363637
