f1: 0.6254506128334535
precision: 0.6454613095238095
recall: 0.6066433566433567
