f1: 0.6555724064434151
precision: 0.7919389978213508
recall: 0.5592698790125183
