f1: 0.6249948764192318
precision: 0.7550009902951079
recall: 0.5331841387509616
