f1: 0.5035222766503382
precision: 0.7562359865470852
recall: 0.3774040142667319
