f1: 0.6840558412931667
mae: 0.17857785410533206
precision: 0.7205882352941176
recall: 0.651048951048951
