f1: 0.6252605252188411
mae: 0.28228609902631036
precision: 0.7739938080495357
recall: 0.5244755244755245
