f1: 0.6779970760233918
mae: 0.17063701531443468
precision: 0.7101837672281777
recall: 0.6486013986013986
