f1: 0.6667886550777676
mae: 0.17133660130718953
precision: 0.6994241842610365
recall: 0.637062937062937
