f1: 0.5950156238091608
precision: 0.5274137325370876
recall: 0.6824952793901672
