f1: 0.4888516746411483
precision: 0.7738978942584457
recall: 0.3572627456465487
