f1: 0.4851196172248804
precision: 0.7679896985305257
recall: 0.3545352821875656
