f1: 0.5796564800356904
precision: 0.8004558896007886
recall: 0.454332470802154
