f1: 0.6306479523168621
mae: 0.1782896205357143
precision: 0.7005553182400683
recall: 0.5734265734265734
