f1: 0.6574147501982552
mae: 0.25412983266012695
precision: 0.7591575091575091
recall: 0.5797202797202797
