f1: 0.6158826890116168
mae: 0.2659552184904298
precision: 0.6762860727728983
recall: 0.5653846153846154
