f1: 0.6203402099167572
precision: 0.6429107276819205
recall: 0.5993006993006993
