f1: 0.6408692337018681
mae: 0.22143385670456597
precision: 0.7045264040234702
recall: 0.5877622377622378
