f1: 0.6195338085147372
mae: 0.2416338213213213
precision: 0.6898326898326899
recall: 0.5622377622377622
