f1: 0.6159284674568518
mae: 0.29495486985726277
precision: 0.7598768599281683
recall: 0.5178321678321678
