f1: 0.5897390140530895
precision: 0.8143790044356826
recall: 0.46223512133715644
