f1: 0.5895389943005556
precision: 0.5018547178617928
recall: 0.7143506538918806
