f1: 0.70083523158694
mae: 0.09681842105263157
precision: 0.7666112956810631
recall: 0.6454545454545455
