f1: 0.6232607920085622
precision: 0.6361981063364894
recall: 0.6108391608391608
