f1: 0.5129180080888882
precision: 0.34491575506856587
recall: 1.0
