f1: 0.6087290905595076
mae: 0.21490174471992654
precision: 0.6762067492524562
recall: 0.5534965034965035
