f1: 0.636983553951063
mae: 0.29865623770169225
precision: 0.7469426152398871
recall: 0.5552447552447553
