f1: 0.7106870229007634
mae: 0.12332368928634052
precision: 0.7823529411764706
recall: 0.651048951048951
