f1: 0.6349551174324712
precision: 0.7670330758566053
recall: 0.5416812364501014
