f1: 0.7184429327286469
mae: 0.11344218042493905
precision: 0.7816611842105263
recall: 0.6646853146853147
