f1: 0.7136913767019667
mae: 0.08178294573643412
precision: 0.7771828665568369
recall: 0.6597902097902097
