f1: 0.8394577238672851
precision: 0.8568827385287692
recall: 0.8227272727272728
